# loss
3.231472960000000000e+08
1.702715680000000000e+08
8.296260000000000000e+07
8.571686400000000000e+07
5.339822500000000000e+06
2.486375520000000000e+08
2.540858080000000000e+08
8.274015200000000000e+07
1.702346560000000000e+08
2.551265120000000000e+08
5.488017920000000000e+08
5.699480800000000000e+07
2.387482880000000000e+08
2.418872640000000000e+08
2.077126880000000000e+08
8.276588800000000000e+07
5.488017920000000000e+08
2.387920000000000000e+08
1.268693360000000000e+08
1.415163200000000000e+08
2.056859040000000000e+08
1.052380560000000000e+08
8.078894400000000000e+07
1.628341308593750000e+03
1.434965600000000000e+08
1.055986240000000000e+08
1.052670720000000000e+08
2.934097920000000000e+08
9.931184000000000000e+07
6.922487200000000000e+07
1.837451200000000000e+08
2.454503200000000000e+08
1.249844880000000000e+08
3.581554240000000000e+08
2.077126880000000000e+08
4.642992000000000000e+07
4.644625600000000000e+07
1.272444160000000000e+08
1.702715680000000000e+08
8.571686400000000000e+07
2.486375520000000000e+08
2.551265120000000000e+08
2.454252960000000000e+08
2.540407200000000000e+08
4.642992000000000000e+07
2.898867200000000000e+08
5.429616800000000000e+07
1.314964320000000000e+08
1.272444160000000000e+08
2.077126880000000000e+08
2.475951840000000000e+08
1.195397000000000000e+06
6.581960400000000000e+07
1.161840800000000000e+08
2.540407200000000000e+08
1.738822880000000000e+08
1.097826720000000000e+08
1.462244000000000000e+08
1.161840800000000000e+08
2.454503200000000000e+08
1.249844880000000000e+08
2.418872640000000000e+08
1.259727920000000000e+08
1.269012000000000000e+08
